578;3
578;3
578;3
578;3
578;3
578;3
578;3
578;3
578;3
578;3
578;3
578;3
578;3
578;3
578;3
578;3
578;3
578;3
578;3
578;3
578;3
578;3
578;3
578;3
578;3
578;3
578;3
578;3
578;3
578;3
