1750;5
1750;5
1750;3
1750;3
1750;5
1750;3
1750;5
1750;3
1750;3
1750;3
1750;5
1750;3
1750;3
1750;2
1750;3
1750;3
1750;3
1750;2
1750;3
1750;5
1750;5
1750;3
1750;2
1750;5
1750;3
1750;5
1750;5
1750;5
1750;3
1750;3
